<?xml version="1.0"?>
<opencv_storage>
<calibration_Time>"Sat Feb 11 16:19:13 2017"</calibration_Time>
<nrOfFrames>32</nrOfFrames>
<image_Width>318</image_Width>
<image_Height>198</image_Height>
<board_Width>4</board_Width>
<board_Height>11</board_Height>
<square_Size>1.3999999761581421e+00</square_Size>
<flagValue>0</flagValue>
<Camera_Matrix type_id="opencv-matrix">
  <rows>3</rows>
  <cols>3</cols>
  <dt>d</dt>
  <data>
    2.4588510763731114e+02 0. 1.6500881332109313e+02 0.
    2.4580947956396631e+02 1.0513408514935308e+02 0. 0. 1.</data></Camera_Matrix>
<Distortion_Coefficients type_id="opencv-matrix">
  <rows>5</rows>
  <cols>1</cols>
  <dt>d</dt>
  <data>
    -4.5558740212331017e-01 3.2699259877925979e-01
    -6.4532440652767895e-03 -8.5231791174495645e-04
    -1.7930756971537884e-01</data></Distortion_Coefficients>
<Avg_Reprojection_Error>1.7206896080732476e-01</Avg_Reprojection_Error>
<Per_View_Reprojection_Errors type_id="opencv-matrix">
  <rows>32</rows>
  <cols>1</cols>
  <dt>f</dt>
  <data>
    9.57821310e-02 1.53531402e-01 8.76665935e-02 1.17320105e-01
    9.46871936e-02 8.24949741e-02 8.51304829e-02 1.16119660e-01
    1.80853128e-01 1.07215345e-01 9.99789238e-02 1.03089839e-01
    1.21792369e-01 5.54079115e-01 7.27133006e-02 1.66686699e-01
    2.50291526e-01 1.16924234e-01 1.25864014e-01 1.26926616e-01
    1.50153071e-01 6.92152157e-02 1.17013849e-01 1.21216588e-01
    8.10113177e-02 1.13909952e-01 4.52914864e-01 7.21836388e-02
    8.17590728e-02 8.46585184e-02 1.17871165e-01 1.24085225e-01</data></Per_View_Reprojection_Errors>
<!-- a set of 6-tuples (rotation vector + translation vector) for each view -->
<Extrinsic_Parameters type_id="opencv-matrix">
  <rows>32</rows>
  <cols>6</cols>
  <dt>d</dt>
  <data>
    1.8807988723163565e-02 7.9685412949261930e-02 1.5007791898981937e+00
    6.4301059955099156e+00 -8.2091268246837856e+00
    2.0748024570558584e+01 4.2730232328919739e-02 1.0665844812848348e-01
    1.5183680780422695e+00 7.3999497490275719e+00
    -7.9029339229062261e+00 2.0582599474020270e+01
    2.9687622103609888e-02 1.2152337388130457e-01 1.5192974633314096e+00
    6.7544350925791878e+00 -6.6712789880336638e+00
    2.0838226290062657e+01 2.9881704301057473e-02 1.1299412560210588e-01
    1.5211395288737530e+00 6.6617191945387866e+00
    -6.8184315917219793e+00 2.0665718717210122e+01
    3.1626289908888994e-01 5.3349762500287523e-01 1.2048244947376916e+00
    6.8383064380865539e+00 -8.0049617594677258e+00
    2.7630589507615571e+01 3.0074308272570621e-01 4.2672976064453161e-01
    1.1353198910371731e+00 2.7602010421285583e+00
    -9.3592282818855228e+00 2.6522866819184156e+01
    2.7991425680741011e-01 3.1412384590304221e-01 1.3601972045143469e+00
    2.9520081400177500e+00 -1.0620032544308044e+01
    2.4400288460057677e+01 2.8624199541419360e-01 3.2785952285136516e-01
    1.2568555397008898e+00 -3.4674383113126644e-01
    -8.7931166293920366e+00 2.4775712948469039e+01
    3.9597120309076284e-01 4.0503230908771631e-01 1.4474975670418451e+00
    5.4519850715558942e+00 -9.7512543095788953e+00
    2.5344426640213523e+01 2.6946818179190790e-01 3.7551843472445129e-01
    1.3900898449782733e+00 3.3009578287704873e+00
    -8.3719014566030516e+00 2.6319007709710156e+01
    -6.2652620698399963e-01 -8.7154583321951654e-02
    1.3564326275242398e+00 -8.7390447690301698e-01
    -8.0486178763460430e+00 3.0363503523636947e+01
    -6.2510700682314069e-01 -7.5505678627191333e-02
    1.3675774783687837e+00 -4.7883881360457298e-01
    -7.8369553063991884e+00 3.0441439294587671e+01
    6.7171160096504023e-01 1.5521363205972369e-01 1.1705272186406082e+00
    1.0988082628278994e+01 -1.3404574268639744e+01
    3.0011642531459984e+01 3.5569972564706387e-01 1.0176497630578134e-01
    1.1477607147903541e+00 2.2148277521506019e+00
    -6.5889871415854548e+00 3.5357736848602293e+01
    3.6809796201080225e-01 9.0983058070871717e-02 1.1406510196586610e+00
    2.3551604967014308e+00 -6.7481568955588438e+00
    3.5108987461282908e+01 -3.4957533552636377e-01
    -1.1334649686790219e-01 1.2030382253573606e+00
    3.6960889860289177e+00 -1.1132857858134807e+01
    3.2522034143424314e+01 -7.7197081239297333e-02
    -2.5260984268879066e-01 8.8959537128124722e-01
    3.4177085151416526e+00 -9.5403804629785487e+00
    3.2105297717170316e+01 -6.7582097048224432e-02
    -3.7207041151468073e-01 8.6506668740104831e-01
    -5.9920570912383386e-01 -9.9746953276508421e+00
    2.9706379573373955e+01 -1.0731397878577706e-01
    -2.9684309052379709e-01 9.1488306943116493e-01
    6.0108387557909393e-01 -9.1701184904896795e+00
    3.0644024388882055e+01 -1.0622506035307912e-01
    -2.9787911374997100e-01 9.1862489811564862e-01
    7.5901832852351514e-01 -9.1990327562604932e+00
    3.0569282171841497e+01 1.9832215876009049e-01 1.2954619924270822e-01
    1.2344959857491937e+00 1.2492746084139961e+01
    -9.5114165788636456e+00 3.8406842630103370e+01
    1.4641956140899839e-01 2.6090224874631568e-01 1.4582183533867972e+00
    1.4353861612560573e+01 -1.4190236970561045e+00
    3.9943459676357030e+01 1.5723148706126966e-01 2.1076931106418714e-01
    1.4102968601731822e+00 1.1827205701161986e+01
    -1.3378303780327518e+00 4.0899695843977725e+01
    2.1195049335411340e-01 3.2766553016232186e-01 1.4422738207183416e+00
    1.5181339990004751e+01 -1.7665752209941314e+00
    3.9622710182793533e+01 2.3246902751800064e-01 3.1529747900557731e-01
    1.4634711758021981e+00 1.5854960715889673e+01
    -1.9936159862807243e+00 3.9038775445944289e+01
    1.9208403205913860e-01 2.9180260459648394e-01 1.3909165609273819e+00
    1.1738172849890606e+01 -2.3440085491258729e+00
    4.0634705761809421e+01 1.6100149009496040e-01 2.8370072273658808e-01
    1.4380332034898016e+00 9.3727110536146068e+00
    -1.1917712145778150e+00 4.0677597420237028e+01
    1.8273547705635632e-01 2.6826083598107725e-01 1.4701135853184262e+00
    7.9671869376120608e+00 -2.0917977330678275e+00
    3.9945613980982159e+01 1.0320544571509457e-01 7.9692614053474595e-02
    1.4979927934718835e+00 6.8116875618802704e+00
    -7.4184195621875961e+00 2.9036027464189942e+01
    1.2841715562606201e-02 1.3147223872406885e-01 1.5740350951602884e+00
    7.2129315627993034e+00 -3.4421343722100546e+00
    2.4518957700065805e+01 3.0892255669406069e-02 6.8438478251244828e-02
    1.5250174157268184e+00 5.8155683844151831e+00
    -4.6401158830256675e+00 2.0898640079014434e+01
    1.8769468141028190e-02 6.1328540377483649e-02 1.5294783290166474e+00
    5.7410489093248520e+00 -4.6021635405872470e+00
    2.0698001615321370e+01</data></Extrinsic_Parameters>
