<?xml version="1.0"?>
<opencv_storage>
<calibration_Time>"Wed Aug 30 16:43:25 2017"</calibration_Time>
<nrOfFrames>59</nrOfFrames>
<image_Width>318</image_Width>
<image_Height>198</image_Height>
<board_Width>4</board_Width>
<board_Height>11</board_Height>
<square_Size>1.3999999761581421e+00</square_Size>
<flagValue>0</flagValue>
<Camera_Matrix type_id="opencv-matrix">
  <rows>3</rows>
  <cols>3</cols>
  <dt>d</dt>
  <data>
    3.0700830992881430e+02 0. 1.6068501393921693e+02 0.
    3.0734367947733796e+02 1.2192881892947332e+02 0. 0. 1.</data></Camera_Matrix>
<Distortion_Coefficients type_id="opencv-matrix">
  <rows>5</rows>
  <cols>1</cols>
  <dt>d</dt>
  <data>
    -4.2165028407733701e-01 3.2393178232044056e-01
    -9.3741026554495371e-03 2.8744906525371097e-04
    -3.1878754283847482e-01</data></Distortion_Coefficients>
<Avg_Reprojection_Error>1.9999628711642561e-01</Avg_Reprojection_Error>
<Per_View_Reprojection_Errors type_id="opencv-matrix">
  <rows>59</rows>
  <cols>1</cols>
  <dt>f</dt>
  <data>
    4.45009440e-01 1.98536500e-01 9.05486718e-02 9.32069421e-02
    1.20278768e-01 1.05620489e-01 1.56875372e-01 1.35503188e-01
    9.83531326e-02 9.92106125e-02 9.83869061e-02 1.40240803e-01
    1.12711698e-01 1.25943780e-01 1.52222931e-01 1.28104001e-01
    8.70411694e-02 9.39115584e-02 1.06054321e-01 1.96256146e-01
    5.24813354e-01 3.83419842e-01 1.11514106e-01 1.14409536e-01
    2.52326071e-01 1.20021150e-01 1.07586764e-01 1.03786081e-01
    1.06779769e-01 1.47418067e-01 1.30947068e-01 1.30180329e-01
    2.09006697e-01 5.63552201e-01 2.18143955e-01 2.43245363e-01
    1.71403527e-01 1.72161087e-01 1.07475996e-01 1.01422526e-01
    1.47341952e-01 1.06164351e-01 9.50775743e-02 1.04460940e-01
    1.00249119e-01 9.01658013e-02 1.01931810e-01 1.33398741e-01
    1.80947676e-01 3.90834123e-01 4.52010721e-01 1.90357476e-01
    1.20721556e-01 1.47474796e-01 2.32808784e-01 1.46256104e-01
    1.56583160e-01 1.22309625e-01 1.12160534e-01</data></Per_View_Reprojection_Errors>
<!-- a set of 6-tuples (rotation vector + translation vector) for each view -->
<Extrinsic_Parameters type_id="opencv-matrix">
  <rows>59</rows>
  <cols>6</cols>
  <dt>d</dt>
  <data>
    -1.7612945839253624e-01 1.7922808086666513e-02
    1.5556542409093226e+00 5.0315742752123720e+00
    -5.7670237341163446e+00 1.9651032265606720e+01
    -1.6420013141101703e-01 2.1366242605785029e-03
    1.5463882750682505e+00 4.9717584795940946e+00
    -6.1304660469831056e+00 1.9946053061010836e+01
    -1.5862225226508461e-01 1.6728912796342321e-02
    1.5349643830469264e+00 4.9325799367960430e+00
    -6.1855248352957384e+00 2.0462531907403793e+01
    -1.5962985690041917e-01 2.3800740472231352e-02
    1.5314507437947826e+00 4.9368619442786841e+00
    -6.2174081155683556e+00 2.0809405284082789e+01
    -1.5892703632496985e-01 2.6997461436735860e-02
    1.5333477029282860e+00 5.0184004961737365e+00
    -6.1556417632984415e+00 2.0909723158602585e+01
    -1.6025584553479538e-01 2.8118382286547446e-02
    1.5487765420377158e+00 5.2422464247832998e+00
    -6.0524984050822006e+00 2.0870081710933899e+01
    -1.6158303032213403e-01 2.1448056122860076e-02
    1.5514106753436050e+00 5.0892408049167859e+00
    -5.9534078454326353e+00 2.0872270318498575e+01
    -1.6763777172222677e-01 2.5532121108973318e-02
    1.5450559173496936e+00 5.0381535547926752e+00
    -5.9621984376121162e+00 2.0930783186604732e+01
    -1.6645984998909899e-01 2.5063874720896967e-02
    1.5519603458521050e+00 5.2132375137721043e+00
    -5.8409603782663639e+00 2.0911358008156292e+01
    -1.6618243992126247e-01 2.5095951122014449e-02
    1.5519524244521339e+00 5.2658208308001759e+00
    -5.8403266655575559e+00 2.0887899191030268e+01
    -1.6887663879473605e-01 2.7531692529405256e-02
    1.5546878388098218e+00 5.3298329889367428e+00
    -5.7829156002406554e+00 2.0903474856253453e+01
    -1.6331736156373775e-01 2.6090862703743774e-02
    1.5518670515684749e+00 5.2879201192498693e+00
    -5.8093059346472584e+00 2.0820207507609467e+01
    -1.6933974281096204e-01 3.0497427663924076e-02
    1.5498834767043086e+00 5.1979631760927472e+00
    -5.7981731642344831e+00 2.0785113645343859e+01
    -1.6282666593874359e-01 2.6332084219380054e-02
    1.5503364145548140e+00 5.1700131809714884e+00
    -5.9377161646669325e+00 2.0606199795390346e+01
    -1.6740412720117415e-01 2.3427903662110977e-02
    1.5442387335907579e+00 5.0474433631930014e+00
    -6.0280445939392564e+00 2.0544395937215949e+01
    -1.5973641469182698e-01 2.1619752376137658e-02
    1.5494998540568747e+00 5.1472108449132330e+00
    -6.0912150118656170e+00 2.0319373148819061e+01
    -1.6065392045340990e-01 1.6653107991187840e-02
    1.5469187863965366e+00 5.0748673198430589e+00
    -6.1513669091680239e+00 2.0230562987343042e+01
    -1.5815303184488969e-01 1.4818193620988381e-02
    1.5474221287718486e+00 5.0942575380120276e+00
    -6.1316698805368031e+00 2.0154867579366165e+01
    -1.6057034115382227e-01 1.4827206102146032e-02
    1.5442529583763045e+00 5.0729794732016700e+00
    -6.1229536367988056e+00 2.0124428402489890e+01
    -1.5885999814432733e-01 1.6309902286485666e-02
    1.5450926381574939e+00 5.2511874317570273e+00
    -6.0391660734030843e+00 1.9918220322399339e+01
    -1.0856511255918433e-01 -3.1474891429660201e-02
    1.5562133610961744e+00 4.1856562541619189e+00
    -6.1355182196515692e+00 1.9291543965522244e+01
    -2.7625612638572589e-01 3.4805934501547381e-01
    1.6138833968299677e+00 3.4149434220614272e+00
    -4.8316476760904807e+00 2.6174917524855605e+01
    -2.2817723267192561e-01 3.3710559477216523e-01
    1.6156454302284402e+00 3.2888220529708905e+00
    -5.6277941973364340e+00 2.5833546849853175e+01
    -2.1905200432081814e-01 3.9921307270646911e-01
    1.6097644735148851e+00 3.2662208595014484e+00
    -5.9654910046576362e+00 2.5638888087527754e+01
    -1.8799241429328334e-01 4.3281870981807347e-01
    1.5814216604134665e+00 3.3837424588918688e+00
    -5.6791694557927679e+00 2.5677050039898688e+01
    -2.0949175672624015e-01 5.1381630274011914e-01
    1.5667143146267895e+00 3.2270435116118552e+00
    -6.0252799108025066e+00 2.5533918972433103e+01
    -1.6780126949118407e-01 5.4235398009092883e-01
    1.5708086608143432e+00 3.9039315935179331e+00
    -6.2660093424696246e+00 2.5307773810803599e+01
    -1.6860366485058476e-01 5.5750636531632247e-01
    1.5886882075027433e+00 3.6988946101923199e+00
    -6.2508148036731637e+00 2.5371269240658819e+01
    -1.5904534999617717e-01 5.9831217823324834e-01
    1.5829786557333727e+00 3.7338328996715164e+00
    -5.8908243056024903e+00 2.5582396969425623e+01
    -1.5915289367032145e-01 6.3107666400620788e-01
    1.5865106740544106e+00 3.4685231536729004e+00
    -5.7544577910856045e+00 2.5978433374677113e+01
    -1.5300952778659174e-01 6.2957831572275036e-01
    1.5780247458069181e+00 2.6394483286467914e+00
    -5.8796220290912631e+00 2.6272081739374503e+01
    -1.2893711157178706e-01 6.4954143726015390e-01
    1.5663193813286480e+00 2.9113396786150911e+00
    -5.4600458120738331e+00 2.6696999484774160e+01
    -1.2959140478006650e-01 7.4082068107411370e-01
    1.5795938633294921e+00 4.5183654435930727e+00
    -3.3646781859572652e+00 2.6962770956075481e+01
    -2.6102642748628030e-01 9.2626451087128547e-01
    1.5920460685360589e+00 4.9661228014895524e+00
    -2.8029445952289573e+00 2.6320094463601986e+01
    -4.7442039508778172e-01 6.8166104572685282e-01
    1.6262110233911153e+00 3.7065335522430023e+00
    -2.4175603992139294e+00 2.7167219782554788e+01
    -3.8621471534610002e-01 6.8219204948933176e-01
    1.5742991304582876e+00 4.1675080271985001e+00
    -3.8096388173058413e+00 2.7169055674165033e+01
    -3.1333956938897245e-01 6.7627991212233474e-01
    1.5136064055905420e+00 4.8054492432377076e+00
    -5.1032235395053025e+00 2.7246624819096340e+01
    -2.7941035147038512e-01 6.7986699597928846e-01
    1.5021772426765234e+00 5.7819070674565474e+00
    -6.5051559910250809e+00 2.6950651061359704e+01
