Camera Matrix:
Fx: 239.853
Fy: 239.665
Cx: 163.019
Cy: 96.8935

Distortion Coefficients:
K1: -0.431415
K2: 0.260901
K3: -0.134147
P1: 0.000942461
P2: -5.95315e-05